Infoblatt_154.pdf

Tel. 19292
Tel. 110
Tel. 112
Tel. 56-7272
Tel. 56-7161
Tel. 181122
56 - 38629
56 - 37591
56 - 1987
52_pdf_wegweiser_schlaganfall.pdf

19 222
Tel: 19 222
250 000
Tel: 0 62 21 - 56 78 42
Tel. 0 72 61 - 66-0
Tel: 0 62 21 - 319 - 0
Tel.: 0 72 61 - 19 29-2
Tel: 0 62 21 - 88 40 10
Tel: 0 62 21 - 6 540 263
Tel.: 0 72 53 - 82 52 00
Tel.: 0 62 23 - 82 22 78
Tel: 0 62 21 - 319-0
Tel.: 0 72 61 - 19 29-2
Tel.: 07 21 - 59 61-209 -
Tel. 0 72 48 - 9 18 10 -
Tel.: 0 40 - 69 79 17 15 -
Tel: 09 31 - 2 50 13 00
Tel: 0 62 21 - 31 46 33
Tel: 0700 - 467 467 00 -
Tel: 0 62 21 - 41 24 81
Tel: 07 11 - 92 54 10 -
Tel.: 0 62 21 - 16 05 63
Tel.: 0 62 21 - 2 52 63
Tel.: 0 62 21 - 3 19 15-32
Tel.: 0 62 21 - 88 26 66
Tel.: 0 62 21 - 47 21 35
Tel.: 0 62 22 - 23 41
Tel: 0 62 21 - 41 28 19
Tel: 0 62 21 - 3 70 30
Tel: 0 62 23 - 60 60
Tel: 0 62 23 - 48 89 99
Tel: 0 62 21 - 58-38 390 oder 58-49 000
Tel: 0 62 21 - 58-38 390 oder 58-49 000
Tel: 0 62 21 - 5 84 90 00
Tel: 0 62 21 - 5 83 70 00
Tel: 0 62 21 - 77 91 88
Tel: 0 62 21 - 3 88-1
Tel: 0 62 21 - 7 87 50
Tel: 0 62 21 - 89 37 00
Tel. 0 62 21 - 14 97 44
Tel. 06221 - 33 90-0
Tel: 0 62 21 - 5 84 90 00
Tel: 0 62 21 - 5 22 12 57
Tel: 0 62 21 - 5 82 53 00
Tel: 0 62 21 - 5 84 90 00
Tel: 0800 - 4 05 02 00
Tel: 0 62 21 - 90 10 37
Tel: 0 62 21 - 16 08 64
Tel: 0 62 21 - 9 01 00
Tel: 0 62 21 - 3 30 30
Tel: 0 62 21 - 58 49 000
58 38 390
Tel: 0 62 21 - 3 30 30
Tel: 06221 - 5 37 50
Tel: 0 62 21 - 90 10 33
Tel: 0 62 21 - 9 78 30
Tel: 0 62 21 - 16 08 64
Tel: 0 62 21 - 90 10-0
Tel: 0 62 21 - 3 30 30
Tel. 0 62 21 - 53 75-0
Tel: 0 62 21 - 72 00 22
Tel: 0 62 21 - 97 83-0
Tel: 0 62 21 - 18 24 28
Tel: 0 62 21 - 58 49 000
Tel: 0 62 21 - 58 49 000
Tel: 0 62 23 - 21 55
01 72 - 66 90 500
Tel: 0 62 21 - 8 90 15-10
Tel: 0 62 21 - 58 47 98 0
Tel: 0 62 21 - 5 22-0
Tel. 0 62 22 - 30 73 42 29
Tel.: 0 180 - 5 01 65 65
Tel: 0 62 21 - 58-37 000
Tel: 0 62 21 - 58-37 000 und 58-37 010
Tel: 0 62 21 - 58 49 000
37 39-0
38 390
Tel: 0 62 21 - 58-47 980
Tel: 0 62 21 - 52-21 866
Tel: 0 18 05 - 09 30 93
Tel: 0 62 21 - 1 00 04
Tel: 0 62 21 - 3 30 30
Tel: 0 62 21 - 9 01 00
Tel: 0 62 21 - 5 37 50
Tel: 0 62 21 - 72 00 22
Tel: 0 62 21 - 5 22-0
Tel: 0 62 21 - 60 09 08
Tel: 0 62 21 - 82 81 70
Tel: 0 62 21 - 40 03 31
Tel: 0 62 21-1 31 10
Tel: 0 62 21 - 58-49 000
58 37 390
38 390
Tel: 0 62 21- 52 20
5 22 28 88
Tel: 0 62 21 - 58-38 690
38 920
Tel: 0 62 21 - 5 22-13 68
Tel. 0 62 21 - 43 62 23
Tel: 0 62 21 - 1 31 10
Tel: 0 62 21 - 58-37 000 und 58-37 010
Tel: 0 62 21 - 5 22-0
Tel: 0 62 21 - 5 22-0
5 22-28 88
Tel: 0 62 21 - 52 65 20
Tel: 0 62 21 - 53 75 40
Tel. 0 62 21 - 56-63 31
Tel: 0 62 21 - 70 04 07
Tel: 0 62 21 - 18 42 90
0 62 21 -1613 31
Tel: 0 62 21 - 5 88 74 74
0 62 21 - 60 04 60
17 - 20
Tel: 0 62 21 - 83 64 18
0 62 21 - 30 25 17
Tel.: 06221- 65 40 -201/
Tel.: 0 72 61 - 33 95
Tel.: 0 62 21 - 319 - 0
Tel.: 0 62 02 - 92 44 22
Tel.: 0 62 01 - 6 55 78
Tel. 0800 - 1 11 01 11 und 0800 - 1 11 02 22
Tel: 06 21 - 8 20 05 10
Tel: 0 62 21 - 90 05 10
Tel: 0 62 21 - 5 24-0
Tel: 07 21 - 81 07-0
Tel. 0 62 21 - 8 90 15-10
Tel: 06 21 - 8 20 05 10
Tel: 06 21 - 90 05 10
Tel: 06 21 - 1 59 10
Tel.: 0 62 21 - 2 52 63
Tel.: 0 62 21 - 16 05 63
Tel.: 0 62 21 - 60 10 64
Tel: 0 62 94 - 42 81-0
Telefon: 0 22 02 - 9 89 98 11
0 22 02 - 9 89 99 10
Tel: 0 21 59 - 81 56 22
Tel. 0 1805 - 51 25 12
Tel: 0 62 21 - 58-38 360
Tel. 0 62 21 - 7 39 21-0
Tel: 0 18 05 - 09 30 93
0 18 05 - 09 40 94
Tel: 0 62 21 - 58 49 00-0
Tel: 0 30 - 1 84 41-0
0 30 - 1 84 41-19 21
Telefon: 0 30 - 1 85 27-0
0 30 - 1 85 27-18 30
69 - 71
Tel.: 0 62 21 - 5 24-0
0 62 21 - 5 24-7 39
Tel.: 0 62 21 -2 52 63 oder 60 10 64
Tel.: 0 62 21 - 53 75 40
0 62 21- 53 75 75
Tel.: 0 62 21 - 7 39 21-0
0 62 21 - 7 39 21-50
Tel.: 0 62 21 - 41 24 81
Tel.: 0 62 21 - 3 19-0
Tel.:0 62 21 - 3 19 - 15 00 / 01
0 62 21 - 3 19 - 15 05
Tel.: 0 62 21 - 33 90 0
Tel.: 0 62 21 - 43 62 23
Tel.: 0 62 21 - 56-63 31
0 62 21 - 56-43 20
Tel.: 0 62 94 - 42 81-0
0 62 94 - 42 81-79
Tel.: 09 31 - 25 01 30 - 0
09 31 - 25 01 30 - 39
Tel.: 0 62 21 - 33 03-0
0 62 21 - 33 03-33
Tel.: 0 62 21 - 90 05-10
0 62 21 - 90 05-40
Tel.: 06 21 - 8 20 05-10
06 21 - 8 20 05-20
1 16
Tel.: 06 21 - 15 91-0
Tel.: 0 40 - 69 79 17 15
Tel.: 0 62 21 - 72 00 22
0 62 21 - 41 01 59
Tel: 0800 - 40 50 200
22 08
Tel.: 0 72 48 - 91 81-0
0 72 48 - 91 81-71
Tel.: 07 11 - 9 25 41-0
07 11 - 9 25 41-44
Tel: 0 62 21 - 90 10-0
0 62 21 - 90 10-60
Tel: 0 62 21 - 90 10-37
Tel: 0 62 21 - 90 10-33
Tel.: 0 62 21 - 53 75-0
0 62 21 - 53 75-75
Tel.: 0 62 23 - 82 22 78
Tel.: 0 62 23 - 21 55
0 172 - 6 69 05 00
Tel.: 0 62 21 - 60 09 08
0 62 21 - 58 67 68
11 03 63
Tel.: 0 18 05 - 01 65 65
0 18 05 - 51 07 00
Tel.: 0 72 61 - 19 29-2
Tel: 0 700 - 46 74 67 00
Tel.: 0 62 21 - 5 26-5 20
0 62 21 - 5 26-9 60
Tel.: 0 62 21 - 70 04 07
0 40 - 36 03-26 61 24
Tel.: 0 62 21 - 8 28 17 -0
0 62 21 - 8 28 17 -20
Tel.: 07 21 - 81 07-0
07 21 - 81 07-461
Tel.: 0 62 21 - 40 03 31
Tel.: 0 62 21 - 97 83 0
0 62 21 - 97 83 33
Tel.: 07 21 - 59 61-209
07 21 - 59 61-174
Tel: 0 62 21 - 65 40-263
0 62 21 - 65 40-558
Tel: 0 62 21 - 88 40 10
Tel.: 0 62 21 - 5 22-0
0 62 21 - 5 22-14 77
10 46 80
Tel: 0 62 21 - 5 22 12 57
Tel.: 0 62 21 - 5 22- 13 68 oder 5 22-25 90
Tel.: 0 62 21 - 5 22-18 66
0 62 21 - 5 22-9 18 66
Tel.: 0 62 21 - 5 22 12 84
Tel.: 0 62 22 - 30 73 42 29
Tel.: 0 62 21 - 52 20 oder 5 22-28 88
Tel.: 0 62 21 - 89 37 00
Tel.: 0 62 21 - 16 08 64
0 180 - 1 30 20 10
0 62 21 - 60 14 61
Tel.: 0 62 21 - 7 87 50
Tel.: 0 62 21 - 3 19 15 32
Tel.: 0 62 21 - 14 97 44
Tel.: 0 72 53 - 82 52 00
Tel.: 0 62 21 - 58 38 36-0
Tel.: 0 62 21 - 18 19 18
Tel.: 0 62 21 - 18 24 28
Tel: 0 62 21 - 58-38 33-0
Tel.: 0 62 21 - 4 37 97 82
Tel.: 0 62 21 - 72 00 22
Tel.: 0 62 21 - 43 77 00
Tel.: 0 62 21 - 70 05 55
Tel.: 0 62 21 - 33 45 40
0 62 21 - 80 44 27
Tel.: 0 62 21 - 58-38 36-0 und 58 38 32-0
0 62 21 - 58-38 99-0
Tel.: 0 62 21 - 83 04 21
Tel.: 0 62 21 - 80 44 27
Tel.: 0 72 61 - 6 60
Tel.: 0 62 21 - 72 01 01
0 62 21 - 78 59 41
Tel.: 0 62 21 - 48 06 86
0 62 21 - 41 81 56
Tel.: 0 62 21 - 4 37 92 99
0 62 21 - 4 37 92 89
Tel.: 0 62 21 - 41 25 77
0 62 21 - 41 07 82
Tel.: 0 62 21-16 05 63
Tel.: 0 62 21 - 58-37 000 und 58-37 010
0 62 21 - 58-38 900
10 55 20
Tel.: 0
221 - 58-38 690
38 920
0 62 21 - 58-38 900
Tel.: 0 62 21 - 58-47 980
Tel.: 0 62 21 - 58-47 98 0
Tel.: 0
21 - 58-49 000
37 390
38 390
0 62 21 - 58-38 990
Tel: 06221 - 8 90 15-10
Tel.: 0 62 21 - 58-25 300
0 62 21 - 58-25 390
Tel.: 0 180 5 - 09 30 93
0 180 5 - 09 40 94
00 - 17
Tel.: 0 62 21 - 56 78 42
Tel.: 0 62 21 - 1 31 10
Tel.: 0 62 21 - 3 88-1
Tel.: 0 62 21 - 33 75 22
Tel.: 0 62 21 - 60 10 64
2 52 63
Tel.: 0 62 21 - 89 24 48
11 - 13
Tel.: 06 21 - 1 76 83 69
Tel.: 0 62 29 - 69 02 98
33 311
Tel.: 0 1805 - 09 30 93
Tel.: 0 62 21 - 18 30 83
Tel.: 0 72 61 - 66 19 62
Tel.: 0 62 21 - 2 14 00
Tel.: 0 62 21 - 58-37 391
Tel.: 07 21 - 59 61-206
Tel.: 0 62 21 - 65 40-221
Tel.: 0 62 02 - 92 44 22
Tel.: 0 62 21 - 5 02 59 60
Tel.: 0 62 21 - 56 75 04
Tel.: 0 62 21 - 31 46 33
Tel.: 0 62 21 - 18 32 00
12 - 14
Tel.: 07 21 - 9 52 06-13
Tel.: 0 72 53 - 8 25-207
Tel.: 0 62 21 - 41 20 56
Tel.: 0 62 21 - 18 42 90
Tel.: 0 62 21 - 30 25 17
Tel.: 0 62 21 - 83 64 18
Tel.: 0 62 23 - 55 54
Tel.: 0 62 21 - 78 60 54
Tel.: 0 72 61 - 33 95
Tel.: 0 62 21 - 16 05 63
Tel.: 0 62 22 - 23 41
Tel.: 0 62 21 - 88-0
Tel.: 0 62 21 - 88 40 74
10 55 20
Tel.: 0 62 21 - 58-18 250
FL_SYB_BetriebsaerztlicherDienst_ID8414.pdf

00 - 16
00 - 15
06221 - 56 8966
06221 - 56 8970
06221 - 56 5734
Telefonnummer 56 8966
Telefonnummer 56 8966
Telefonnummer 56 8972
Telefonnummer 56 8972
Telefonnummer 56 8966 oder 56 8974
Telefonnummer 56 8974
070219_KV_BR_Telefonverzei.pdf

06221 / 56 0
06221 / 56 6220
06221 / 56 8781
56 8782
06221 / 56 8080
06221 / 56 7211
06221 / 56 6996
56 6999
06221 / 56 7856
06221 / 56 7971
06221 / 56 7011
06221 / 56 2319
06221 / 56 4467
06221 / 56 6351
06221 / 56 4878
56 4880
06221 / 56 38888
00 - 16
00 - 14
06221 / 56 38961
06221 / 56 38961
06221 / 56 38961
06221 / 56 6254
00 - 16
00 - 14
06221 / 56 6604
06221 / 56 6655
06221 / 56 6604
06221 / 56 6613
06221 / 56 6625
56 6996
56 6999
06221 / 56 2898
06221 / 56 6613
06221 / 56 6695
06221 / 56 6695
06221 / 56 6619
06221 / 56 6613
06221 / 56 6613
06221 / 56 6642
06221 / 56 4573
06221 / 56 6634
06221 / 56 4807
06221 / 56 6201
06221 / 56 4878
56 4880
30 - 11
30 - 16
06221 / 56 6202
06221 / 56 6220
30 - 11
00 - 12
00 - 12
06221 / 56 6220
06221 / 56 6215
30 - 11
06221 / 56 6209
00 - 11
06221 / 56 7807
00 - 15
56 38421
06221 / 56 6209
00 - 12
06221 / 56 6209
00 - 12
06221 / 56 36217
00 - 15
06221 / 56 6252
00 - 12
06221 / 56 6223
30 - 11
06221 / 56 6220
06221 / 56 6223
06221 / 56 38888
00 - 16
00 - 14
06221 / 56 6323
00 - 15
06221 / 56 6538
30 - 16
56 6292
06221 / 56 36467
0160 / 90 86 03 72
06221 / 56 6224
06221 / 56 6225
00 - 12
06221 / 56 6281
0151 / 17408217
06221 / 56 39580
06221 / 56 6282
06221 / 56 6220
30 - 11
00 - 12
00 - 12
06221 / 56 6220
06221 / 56 6282
30 - 15
06221 / 56 6283
30 - 16
00 - 16
06221 / 56 6272
06221 / 56 6272
00 - 16
06221 / 56 6272
00 - 15
06221 / 56 6276
06221 / 56 6110
06221 / 56 6249
06221 / 56 39105
06221 / 56 6249
00 - 13
06221 / 56 6220
30 - 11
00 - 12
00 - 12
06221 / 56 6220
06221 / 56 6226
00 - 15
00 - 13
06221 / 56 6226
00 - 12
06221 / 56 6226
00 - 14
06221 / 56 6226
00 - 15
06221 / 56 6226
00 - 15
06221 / 56 6321
06221 / 56 7501
56 36470
06221 / 56 6321
06221 / 56 6327
56 6328
06221 / 56 39458
06221 / 56 7901
06221 / 56 7938
06221 / 56 7901
06221 / 56 7856
06221 / 56 7934
06221 / 56 7945
06221 / 56 7971
06221 / 56 38938
00 - 11
06221 / 56 7946
06221 / 56 7985
06221 / 56 7883
06221 / 56 7934
30 - 16
30 - 16
06221 / 56 7934
06221 / 56 7938
06221 / 56 7926
06221 / 56 7934
06221 / 56 7934
00 - 14
06221 / 56 7910
06221 / 56 7910
06221 / 56 7921
00 - 16
06221 / 56 7934
00 - 16
06221 / 56 8321
06221 / 56 7934
00 - 16
06221 / 56 7921
00- 16
00 - 16
06221 / 56 7921
06221 / 56 7921
30 - 16
56 7934
06221 / 56 7918
00 - 13
06221 / 56 7934
00 - 13
06221 / 56 6701
06221 / 56 6724
56 6731
06221 / 56 6701
00 - 19
56 6709
00 - 16
06221 / 56 6752
00 - 13
06221 / 56 6999
06221 / 56 6752
00 - 15
00 - 12
30 - 13
00 - 14
30 - 13
00 - 13
00 - 13
00 - 13
00 - 16
00 - 15
06221 / 56 7238
00 - 13
00 - 14
06221 / 56 8501
06221 / 56 8590
30 - 15
06221 / 56 8501
30 - 12
00 - 17
06221 / 56 1606
30 - 16
30 - 15
00 - 11
06221 / 56 1606
06221 / 56 7011
06221 / 56 8533
00 - 12
00 - 16
00 - 12
00 - 16
06221 / 56 8533
00 - 16
06221 / 56 39061
00 - 10
06221 / 56 6739
06221 / 56 38543
00 - 11
00 - 15
00 - 12
06221 / 56 6739
30 - 16
06221 / 56 1606
30 - 12
06221 / 56 38547
30 - 12
30 - 16
30 - 12
06221 / 56 4801
00 - 16
00 - 14
06221 / 56 6739
00 - 16
00 - 17
00 - 12
30 - 12
06221 / 56 8551
30 - 16
56 8587
30 - 12
30 - 12
30 - 16
30 - 16
06221 / 56 8201
56 8202
06221 / 56 7611
00 - 16
06221 / 56 7611
06221 / 56 2300
06221 / 56 2319
06221 / 56 2319
00 - 10
06221 / 56 2319
00 - 13
06221 / 56 2319
06221 / 56 2319
30 - 11
06221 / 56 2319
00 - 18
56 4892
00 - 16
06221 / 56 2375
00 - 13
56 2319
00 - 16
06221 / 56 8471
06221 / 56 2319
00 - 12
00 - 10
06221 / 56 2322
00 - 12
06221 / 56 8363
06221 / 56 2311
06221 / 56 2319
00 - 12
06221 / 56 2311
06221 / 56 8278
06221 / 56 2348
06221 / 56 2326
06221 / 56 2373
06221 / 56 2319
06221 / 56 2348
06221 / 56 2326
00 - 15
00 - 14
06221 / 56 2326
06221 / 56 2326
06221 / 56 4555
06221 / 56 4555
00 - 17
56 8356
00 - 12
56 2319
06221 / 56 2311
56 2319
06221 / 56 8381
30 - 15
06221 / 56 2319
30 - 16
00 - 11
06221 / 56 2319
30 - 16
00 - 16
06221 / 56 2319
00 - 11
06221 / 56 2319
00 - 16
06221 / 56 2308
06221 / 56 1983
06221 / 56 1983
00 - 15
06221 / 56 1983
00 - 13
00 - 13
06221 / 56 1983
00 - 16
06221 / 56 7977
06221 / 56 7977
0160 / 97830174
06221 / 56 1983
06221 / 56 1983
00 - 13
56 383324
06221 / 56 8488
06221 / 56 8466
06221 / 56 7691
06221 / 56 2311
56 2319
06221 / 56 8228
06221 / 56 2337
06221 / 56 2337
00 - 17
00 - 16
00 - 14
00 - 15
00 - 17
00 - 17
00 - 16
00 - 16
00 - 17
06221 / 56 8601
06221 / 56 8601
06221 / 56 8787
06221 / 56 8782
06221 / 56 8787
06221 / 56 8675
06221 / 56 8787
06221 / 56 8683
06221 / 56 8787
06221 / 56 8649
06221 / 56 5879
06221 / 56 8774
00 - 12
00 - 15
00 - 12
00 - 12
00 - 15
00 - 15
30 - 11
00 - 12
00 - 12
30 - 8
0151 / 16759423
0151 / 14511274
06221 / 56 8781
56 8782
00 - 19
06221 / 56 8670
30 - 16
06221 / 56 38713
06221 / 56 8672
00 - 16
06221 / 56 8696
06221 / 56 8693
06221 / 56 8080
06221 / 56 38026
06221 / 56 8693
06221 / 56 8692
00 - 17
06221 / 56 8696
00 - 17
56 8855
06221 / 56 8855
00 - 17
06221 / 56 8855
00 - 17
06221 / 56 8855
00 - 17
06221 / 56 8855
00 - 17
06221 / 56 8694
00 - 17
06221 / 56 8693
00 - 17
06221 / 56 8862
06221 / 56 8730
00 - 12
06221 / 56 8694
00 - 14
06221 / 56 8705
06221 / 56 38717
06221 / 56 8703
06221 / 56 8705
00 - 15
06221 / 56 6538
00 - 14
06221 / 56 8702
00 - 16
00 - 16
00 - 12
00 - 12
06221 / 56 8781
56 8782
06221 / 56 39996
56 8000
56 8001
06221 / 56 38098
00 - 18
06221 / 56 380020
06221 / 56 8001
30 - 19
30 - 18
06221 / 56 8030
00 - 15
00 - 14
06221 / 56 8030
00 - 15
00 - 14
06221 / 56 8009
00 - 15
00 - 14
06221 / 56 2781
00 - 15
00 - 14
06221 / 56 8009
00 - 15
00 - 14
06221 / 56 8781
56 8782
06221 / 56 8169
00 - 16
00 - 14
06221 / 56 4106
00 - 16
00 - 14
06221 / 56 2781
00 - 15
56 4801
00 - 14
06221 / 56 8030
00 - 15
56 8008
00 - 14
56 4801
06221 / 56 8008
00 - 15
56 4801
00 - 14
00 - 16
06221 / 56 8101
00 - 14
06221 / 56 8101
00 - 16
00 - 14
06221 / 56 8251
00 - 13
00 - 12
06221 / 56 6561
06221 / 56 6565
00 - 17
00 - 17
00 - 13
06221 / 56 6565
06221 / 56 6565
06221 / 56 6002
06221 / 56 6011
00 - 17
00 - 18
00 - 13
00 - 12
15 - 16
15 - 17
00 - 12
06221 / 56 7343
00 - 6
06221 / 56 6032
06221 / 56 6040
00 - 12
15 - 17
00 - 12
15 - 18
00 - 13
06221 / 56 6040
00 - 17
00 - 13
06221 / 56 6040
00 - 17
00 - 13
06221 / 56 7304
06221 / 56 38919
56 6996
56 6999
06221 / 56 7304
06221 / 56 7336
30 - 15
30 - 12
06221 / 56 7315
00 - 16
06221 / 56 7315
00 - 13
06221 / 56 7315
00 - 15
56 7344
06221 / 56 6565
00 - 15
06221 / 56 7315
00 - 12
06221 / 56 7304
06221 / 56 6990
06221 / 56 7229
06221 / 56 4801
06221 / 56 4801
06221 / 56 4807
06221 / 56 8717
06221 / 56 8425
00 - 16
06221 / 56 6301
06221 / 56 38099
06221 / 56 6301
00 - 13
06221 / 56 6307
06221 / 56 7211
56 6996
56 6999
06221 / 56 6307
30 - 13
30 - 14
30 - 14
30 - 14
30 - 14
30 - 14
06221 / 56 8211
06221 / 56 5656
00 - 16
00 - 16
06221 / 56 8211
06221 / 56 7507
06221 / 56 7504
56 7510
00 - 11
00 - 15
06221 / 56 7211
06221 / 56 6996
56 6999
06221 / 56 7842
56 7843
06221 / 56 7779
06221 / 56 7507
00 - 16
06221 / 56 7524
00 - 11
06221 / 56 7510
00 - 15
06221 / 56 7510
00 - 11
00 - 15
00 - 13
00 - 13
00 - 12
00 - 13
00 - 13
00 - 14
00 - 12
06221 / 56 7566
06221 / 56 38031
06221 / 56 38031
06221 / 56 8414
06221 / 56 7566
56 7564
06221 / 56 7566
56 7564
56 7577
06221 / 56 38031
56 7566
56 7075
56 38121
56 8821
06221 / 56 2751
56 2748
06221 / 46 4431
00 - 12
56 4434
06221 / 56 34553
00 - 17
06221 / 56 4466
06221 / 56 4431
56 4494
00 - 12
00 - 17
00 - 19
06221 / 56 4431
00 - 12
06221 / 56 4431
00 - 12
56 4477
06221 / 56 4446
00 - 12
06221 / 56 6885
00 - 12
06221 / 56 4431
00 - 12
56 4489
06221 / 56 4431
00 - 12
56 4489
06221 / 56 4436
00 - 17
0179 / 8301926
06221 / 56 8649
06221 / 56 5879
06221 / 56 8774
00 - 12
00 - 15
00 - 12
00 - 12
00 - 15
00 - 15
30 - 11
00 - 12
00 - 12
30 - 8
0151 / 16759423
0151 / 14511274
06221 / 56 8781
56 8782
06221 / 56 6918
06221 / 56 6914
00 - 13
06221 / 56 6914
56 6915
06221 / 56 4466
06221 / 56 6914
06221 / 56 4436
0179 / 83 01 926
06221 / 56 38789
06221 / 56 32365
00 - 15
00 - 14
06221 / 56 4701
06221 / 56 8151
06221 / 56 8150
06221 / 56 8137
06221 / 56 8140
06221 / 56 8152
06221 / 56 8151
06221 / 56 4701
06221 / 56 4701
06221 / 56 7611
00 - 16
06221 / 56 8201
56 8202
06221 / 56 7603
06221 / 56 7611
00 - 16
06221 / 56 7611
00 - 14
00 - 15
00 - 9
30 - 10
00 - 10
00 - 9
30 - 10
30 - 9
30 - 13
30 - 14
30 - 10
30 - 15
30 - 14
30 - 10
06221 / 56 8201
56 8202
06221 / 56 7611
00 - 16
06221 / 56 6410
06221 / 56 38089
06221 / 56 6435
06221 / 56 36435
06221 / 56 38080
06221 / 56 36418
06221 / 56 36421
06221 / 56 6427
06221 / 56 7731
06221 / 56 37754
06221 / 56 7732
00 - 16
06221 / 56 2329
06221 / 56 2330
00 - 17
00 - 12
06221 / 56 2319
06221 / 56 5151
06221 / 56 5088
06221 / 56 5087
06221 / 56 5093
06221 / 56 5092
06221 / 56 5093
06221 / 56 5407
56 5063
06221 / 56 39568
06221 / 56 8311
06221 / 56 7821
30 - 18
30 - 12
06221 / 56 38092
56 38094
00 - 12
0171 / 63 40 087
06221 / 56 38092
06221 / 56 38094
06221 / 56 39999
00 - 16
0171 / 6340087
06221 / 56 4904
06221 / 56 7846
06221 / 56 5001
06221 / 56 5021
00 - 16
06221 / 56 35021
0171 / 6340089
06221 / 56 5344
06221 / 56 2999
00 - 17
56 2905
06221 / 56 34904
06221 / 56 8781
56 8782
06221 / 56 2999
00 - 16
56 2905
06221 / 56 2999
56 2905
06221 / 56 4000
06221 / 56 4025
06221 / 56 4026
06221 / 56 4373
06221 / 56 4040
06221 / 56 4012
06221 / 56 4013
06221 / 56 4007
06221 / 56 5546
06221 / 56 4019
06221 / 56 39809
06221 / 56 4005
06221 / 56 2601
06221 / 56 2603
06221 / 56 8803
06221 / 56 8802
30 - 18
00 - 13
06221 / 56 6652
06221 / 56 2755
06221 / 56 5391
06221 / 56 8522
06221 / 56 6744
06221 / 56 38375
56 38376
56 38385
06221 / 56 39807
56 38388
06221 / 56 37694
06221 / 56 8764
56 6452
06221 / 56 2792
56 8704
06221 / 56 36022
06221 / 56 7621
06221 / 56 5261
06221 / 56 6652
06221 / 56 38041
06221 / 56 4436
06221 / 56 4491
06221 / 56 4421
06221 / 56 4456
06221 / 56 5498
06221 / 56 7144
06221 / 56 5244
06221 / 56 5869
06221 / 56 38660
06221 / 56 4743
06221 / 56 4825
06221 / 56 4814
06221 / 56 4552
06221 / 56 7090
